Time,EEG_Channel_1
0.0,-5.0
0.00625,-12.0
0.0125,-77.0
0.018750000000000003,-65.99999999999999
0.025,-44.99999999999999
0.03125,-53.0
0.037500000000000006,-49.99999999999999
0.043750000000000004,-65.0
0.05,-23.0
0.05625,0.0
0.0625,-37.0
0.06875,-20.0
0.07500000000000001,-26.0
0.08125,-23.0
0.08750000000000001,-41.0
0.09375,-48.0
0.1,-14.999999999999998
0.10625000000000001,2.0
0.1125,-12.0
0.11875000000000001,-37.0
0.125,-74.0
0.13125,-65.0
0.1375,-42.99999999999999
0.14375000000000002,-69.0
0.15000000000000002,-59.99999999999999
0.15625,-35.0
0.1625,-54.99999999999999
0.16875,-96.0
0.17500000000000002,-59.0
0.18125000000000002,-39.0
0.1875,-75.99999999999999
0.19375,-118.0
0.2,-99.99999999999999
0.20625000000000002,-118.0
0.21250000000000002,-150.0
0.21875,-147.0
0.225,-133.0
0.23125,-89.0
0.23750000000000002,-97.0
0.24375000000000002,-93.0
0.25,-116.0
0.25625000000000003,-77.0
0.2625,-96.0
0.26875,-118.0
0.275,-93.0
0.28125,-83.0
0.28750000000000003,-89.0
0.29375,-89.0
0.30000000000000004,-113.0
0.30625,-97.0
0.3125,-74.0
0.31875000000000003,-31.0
0.325,-73.0
0.33125000000000004,-74.0
0.3375,-79.0
0.34375,-83.0
0.35000000000000003,-84.99999999999999
0.35625,-93.0
0.36250000000000004,-69.0
0.36875,-70.0
0.375,-94.99999999999999
0.38125000000000003,-56.0
0.3875,-89.0
0.39375000000000004,-84.0
0.4,-68.0
0.40625,-73.0
0.41250000000000003,-61.0
0.41875,-54.99999999999999
0.42500000000000004,-32.0
0.43125,-48.0
0.4375,-62.0
0.44375000000000003,-42.99999999999999
0.45,-40.0
0.45625000000000004,-37.99999999999999
0.4625,-54.99999999999999
0.46875,-22.0
0.47500000000000003,-14.999999999999998
0.48125,-31.0
0.48750000000000004,13.0
0.49375,-18.999999999999996
0.5,-27.0
0.50625,-10.0
0.5125000000000001,-32.0
0.51875,-44.99999999999999
0.525,-16.0
0.53125,-6.0
0.5375,-22.0
0.5437500000000001,-74.0
0.55,-79.0
0.55625,-70.99999999999999
0.5625,-70.99999999999999
0.56875,-70.99999999999999
0.5750000000000001,-46.0
0.58125,-58.0
0.5875,-62.0
0.59375,-113.0
0.6000000000000001,-118.0
0.6062500000000001,-87.0
0.6125,-61.0
0.61875,-67.0
0.625,-103.0
0.6312500000000001,-80.99999999999999
0.6375000000000001,-107.0
0.64375,-126.0
0.65,-70.99999999999999
0.65625,-56.99999999999999
0.6625000000000001,-72.0
0.6687500000000001,-24.0
0.675,14.999999999999998
0.68125,-9.0
0.6875,-7.0
0.6937500000000001,-20.0
0.7000000000000001,-74.0
0.70625,-85.99999999999999
0.7125,-79.0
0.71875,-64.0
0.7250000000000001,-59.99999999999999
0.7312500000000001,-44.99999999999999
0.7375,-65.0
0.74375,-56.0
0.75,-32.99999999999999
0.7562500000000001,-29.0
0.7625000000000001,-16.0
0.76875,-7.0
0.775,-14.999999999999998
0.78125,-14.0
0.7875000000000001,-24.0
0.7937500000000001,-5.0
0.8,-10.0
0.80625,-24.0
0.8125,-18.0
0.8187500000000001,-1.0
0.8250000000000001,7.0
0.83125,-21.0
0.8375,-11.0
0.84375,-2.0
0.8500000000000001,-17.0
0.8562500000000001,-24.999999999999996
0.8625,-11.0
0.86875,8.0
0.875,3.0
0.8812500000000001,3.0
0.8875000000000001,-11.0
0.89375,14.0
0.9,44.99999999999999
0.90625,34.0
0.9125000000000001,65.0
0.9187500000000001,97.0
0.925,59.99999999999999
0.93125,17.0
0.9375,24.0
0.9437500000000001,47.0
0.9500000000000001,62.0
0.95625,23.0
0.9625,32.0
0.96875,13.0
0.9750000000000001,24.0
0.9812500000000001,40.0
0.9875,-46.0
0.99375,-16.0
1.0,-24.0
1.00625,-24.999999999999996
1.0125,-49.0
1.01875,-62.0
1.0250000000000001,-13.0
1.03125,11.0
1.0375,-27.0
1.04375,-14.999999999999998
1.05,-3.0
1.0562500000000001,34.0
1.0625,6.0
1.06875,-8.0
1.075,1.0
1.08125,36.0
1.0875000000000001,8.0
1.09375,-9.0
1.1,23.0
1.10625,29.999999999999996
1.1125,29.0
1.1187500000000001,32.99999999999999
1.125,34.0
1.13125,20.0
1.1375,13.0
1.14375,26.0
1.1500000000000001,-4.0
1.15625,18.0
1.1625,44.0
1.16875,14.0
1.175,17.0
1.1812500000000001,24.0
1.1875,11.0
1.19375,29.999999999999996
1.2000000000000002,51.0
1.20625,49.0
1.2125000000000001,59.0
1.21875,70.99999999999999
1.225,96.0
1.2312500000000002,75.99999999999999
1.2375,70.0
1.2437500000000001,94.99999999999999
1.25,93.0
1.25625,87.0
1.2625000000000002,63.0
1.26875,51.0
1.2750000000000001,65.99999999999999
1.28125,61.0
1.2875,61.0
1.2937500000000002,59.0
1.3,53.0
1.3062500000000001,77.0
1.3125,67.0
1.31875,39.0
1.3250000000000002,37.0
1.33125,51.0
1.3375000000000001,32.0
1.34375,35.0
1.35,41.0
1.3562500000000002,70.99999999999999
1.3625,70.0
1.3687500000000001,44.99999999999999
1.375,49.0
1.38125,29.999999999999996
1.3875000000000002,27.0
1.39375,-5.0
1.4000000000000001,-49.99999999999999
1.40625,-32.99999999999999
1.4125,-54.0
1.4187500000000002,-23.0
1.425,-8.0
1.4312500000000001,12.0
1.4375,3.0
1.44375,5.0
1.4500000000000002,14.0
1.45625,-14.0
1.4625000000000001,-26.0
1.46875,-16.0
1.475,-10.0
1.4812500000000002,9.0
1.4875,14.0
1.4937500000000001,6.0
1.5,-10.0
1.50625,-24.999999999999996
1.5125000000000002,-27.0
1.51875,-17.0
1.5250000000000001,-35.0
1.53125,-17.0
1.5375,-10.0
1.5437500000000002,-13.0
1.55,-18.999999999999996
1.5562500000000001,-42.0
1.5625,-39.0
1.56875,-54.0
1.5750000000000002,-20.0
1.58125,-6.0
1.5875000000000001,13.0
1.59375,4.0
1.6,-44.0
1.6062500000000002,-41.0
1.6125,-21.0
1.6187500000000001,-59.99999999999999
1.625,-74.0
1.63125,-54.99999999999999
1.6375000000000002,-29.0
1.64375,-34.0
1.6500000000000001,-39.0
1.65625,-48.0
1.6625,-51.0
1.6687500000000002,-58.0
1.675,-28.0
1.6812500000000001,-36.0
1.6875,-70.0
1.69375,-69.0
1.7000000000000002,-84.0
1.70625,-104.99999999999999
1.7125000000000001,-84.0
1.71875,-102.0
1.725,-84.0
1.7312500000000002,-40.0
1.7375,-32.0
1.7437500000000001,-12.0
1.75,8.0
1.75625,29.999999999999996
1.7625000000000002,32.0
1.76875,44.99999999999999
1.7750000000000001,53.0
1.78125,62.0
1.7875,49.99999999999999
1.7937500000000002,70.0
1.8,72.0
1.8062500000000001,80.99999999999999
1.8125,65.0
1.81875,69.0
1.8250000000000002,75.99999999999999
1.83125,44.99999999999999
1.8375000000000001,80.0
1.84375,87.0
1.85,77.0
1.8562500000000002,63.0
1.8625,40.0
1.8687500000000001,22.0
1.875,14.0
1.88125,44.99999999999999
1.8875000000000002,32.0
1.89375,46.0
1.9000000000000001,56.0
1.90625,64.0
1.9125,62.0
1.9187500000000002,65.99999999999999
1.925,61.0
1.9312500000000001,53.0
1.9375,80.99999999999999
1.94375,116.0
1.9500000000000002,80.0
1.95625,53.0
1.9625000000000001,58.0
1.96875,13.0
1.975,44.0
1.9812500000000002,64.0
1.9875,40.0
1.9937500000000001,34.0
2.0,-8.0
2.00625,3.0
2.0125,24.0
2.0187500000000003,21.0
2.025,27.0
2.03125,53.0
2.0375,28.0
2.04375,18.0
2.0500000000000003,48.0
2.05625,17.0
2.0625,32.99999999999999
2.06875,35.0
2.075,34.0
2.0812500000000003,14.0
2.0875,-10.0
2.09375,10.0
2.1,26.0
2.10625,13.0
2.1125000000000003,-17.0
2.11875,-34.0
2.125,-10.0
2.13125,4.0
2.1375,-10.0
2.1437500000000003,11.0
2.15,18.0
2.15625,4.0
2.1625,-4.0
2.16875,14.0
2.1750000000000003,26.0
2.18125,22.0
2.1875,26.0
2.19375,41.0
2.2,6.0
2.2062500000000003,4.0
2.2125,17.0
2.21875,1.0
2.225,35.0
2.23125,29.0
2.2375000000000003,18.999999999999996
2.24375,24.999999999999996
2.25,1.0
2.25625,7.0
2.2625,23.0
2.2687500000000003,34.0
2.275,42.99999999999999
2.28125,23.0
2.2875,8.0
2.29375,3.0
2.3000000000000003,36.0
2.30625,48.0
2.3125,46.0
2.31875,44.99999999999999
2.325,64.0
2.3312500000000003,72.0
2.3375,63.0
2.34375,109.0
2.35,80.99999999999999
2.35625,46.0
2.3625000000000003,54.99999999999999
2.36875,24.0
2.375,21.0
2.38125,80.99999999999999
2.3875,79.0
2.3937500000000003,29.0
2.4000000000000004,-26.0
2.40625,-56.0
2.4125,-44.99999999999999
2.41875,-14.999999999999998
2.4250000000000003,26.0
2.4312500000000004,-16.0
2.4375,-46.0
2.44375,-27.0
2.45,-14.999999999999998
2.4562500000000003,-6.0
2.4625000000000004,16.0
2.46875,17.0
2.475,26.0
2.48125,42.0
2.4875000000000003,29.999999999999996
2.4937500000000004,52.0
2.5,44.0
2.50625,41.0
2.5125,14.0
2.5187500000000003,10.0
2.5250000000000004,37.0
2.53125,21.0
2.5375,29.0
2.54375,29.999999999999996
2.5500000000000003,20.0
2.5562500000000004,-24.999999999999996
2.5625,-10.0
2.56875,21.0
2.575,27.0
2.5812500000000003,37.99999999999999
2.5875000000000004,29.999999999999996
2.59375,42.0
2.6,46.0
2.60625,92.0
2.6125000000000003,101.0
2.6187500000000004,99.0
2.625,118.99999999999999
2.63125,70.0
2.6375,29.999999999999996
2.6437500000000003,48.0
2.6500000000000004,22.0
2.65625,2.0
2.6625,7.0
2.66875,23.0
2.6750000000000003,23.0
2.6812500000000004,24.0
2.6875,11.0
2.69375,48.0
2.7,42.0
2.7062500000000003,-4.0
2.7125000000000004,32.0
2.71875,51.0
2.725,28.0
2.73125,6.0
2.7375000000000003,-40.0
2.7437500000000004,23.0
2.75,27.0
2.75625,52.0
2.7625,98.0
2.7687500000000003,90.99999999999999
2.7750000000000004,64.0
2.78125,67.0
2.7875,64.0
2.79375,44.0
2.8000000000000003,49.99999999999999
2.8062500000000004,51.0
2.8125,70.99999999999999
2.81875,101.0
2.825,109.0
2.8312500000000003,78.0
2.8375000000000004,103.0
2.84375,106.0
2.85,96.0
2.85625,116.0
2.8625000000000003,121.0
2.8687500000000004,118.0
2.875,89.99999999999999
2.88125,72.0
2.8875,94.99999999999999
2.8937500000000003,111.0
2.9000000000000004,59.0
2.90625,59.0
2.9125,64.0
2.91875,51.0
2.9250000000000003,93.0
2.9312500000000004,65.0
2.9375,70.99999999999999
2.94375,79.0
2.95,106.0
2.9562500000000003,79.0
2.9625000000000004,56.99999999999999
2.96875,44.99999999999999
2.975,69.0
2.98125,61.0
2.9875000000000003,73.0
2.9937500000000004,88.0
3.0,62.0
3.00625,20.0
3.0125,4.0
3.0187500000000003,14.999999999999998
3.0250000000000004,29.999999999999996
3.03125,29.999999999999996
3.0375,84.0
3.04375,78.0
3.0500000000000003,70.99999999999999
3.0562500000000004,54.0
3.0625,59.99999999999999
3.06875,87.0
3.075,90.99999999999999
3.0812500000000003,73.0
3.0875000000000004,73.0
3.09375,88.0
3.1,97.0
3.10625,101.0
3.1125000000000003,80.0
3.1187500000000004,89.99999999999999
3.125,80.0
3.13125,4.0
3.1375,-29.0
3.1437500000000003,26.0
3.1500000000000004,65.0
3.15625,58.0
3.1625,56.0
3.16875,101.0
3.1750000000000003,104.99999999999999
3.1812500000000004,122.0
3.1875,107.0
3.19375,122.0
3.2,131.0
3.2062500000000003,111.0
3.2125000000000004,112.0
3.21875,99.0
3.225,87.0
3.23125,85.99999999999999
3.2375000000000003,93.0
3.2437500000000004,103.0
3.25,117.0
3.25625,112.0
3.2625,114.99999999999999
3.2687500000000003,118.99999999999999
3.2750000000000004,117.0
3.28125,102.0
3.2875,104.99999999999999
3.29375,109.0
3.3000000000000003,107.0
3.3062500000000004,127.0
3.3125,139.0
3.31875,131.0
3.325,128.0
3.3312500000000003,93.0
3.3375000000000004,112.0
3.34375,118.99999999999999
3.35,101.0
3.35625,104.0
3.3625000000000003,89.0
3.3687500000000004,114.99999999999999
3.375,112.0
3.38125,103.0
3.3875,113.0
3.3937500000000003,108.0
3.4000000000000004,106.0
3.40625,146.0
3.4125,134.0
3.41875,135.0
3.4250000000000003,165.0
3.4312500000000004,136.0
3.4375,126.0
3.44375,154.0
3.45,148.0
3.4562500000000003,83.0
3.4625000000000004,89.0
3.46875,89.0
3.475,75.99999999999999
3.48125,82.0
3.4875000000000003,70.99999999999999
3.4937500000000004,59.99999999999999
3.5,68.0
3.50625,79.0
3.5125,44.99999999999999
3.5187500000000003,53.0
3.5250000000000004,83.0
3.53125,59.99999999999999
3.5375,78.0
3.54375,73.0
3.5500000000000003,118.99999999999999
3.5562500000000004,74.0
3.5625,14.999999999999998
3.56875,23.0
3.575,-2.0
3.5812500000000003,-37.0
3.5875000000000004,-82.0
3.59375,-109.99999999999999
3.6,-51.0
3.60625,-23.0
3.6125000000000003,-34.0
3.6187500000000004,-26.0
3.625,6.0
3.63125,-35.0
3.6375,-85.99999999999999
3.6437500000000003,-99.99999999999999
3.6500000000000004,-128.0
3.65625,-89.0
3.6625,-93.0
3.66875,-93.0
3.6750000000000003,-94.99999999999999
3.6812500000000004,-114.99999999999999
3.6875,-114.99999999999999
3.69375,-119.99999999999999
3.7,-117.0
3.7062500000000003,-104.99999999999999
3.7125000000000004,-90.99999999999999
3.71875,-97.0
3.725,-134.0
3.73125,-137.0
3.7375000000000003,-93.0
3.7437500000000004,-93.0
3.75,-88.0
3.75625,-113.99999999999999
3.7625,-135.0
3.7687500000000003,-99.99999999999999
3.7750000000000004,-116.0
3.78125,-104.99999999999999
3.7875,-99.99999999999999
3.79375,-80.0
3.8000000000000003,-83.0
3.8062500000000004,-64.0
3.8125,-56.99999999999999
3.81875,-56.99999999999999
3.825,-42.99999999999999
3.8312500000000003,-37.0
3.8375000000000004,-8.0
3.84375,-3.0
3.85,-14.999999999999998
3.85625,-18.0
3.8625000000000003,-18.0
3.8687500000000004,-22.0
3.875,18.0
3.88125,2.0
3.8875,-10.0
3.8937500000000003,14.999999999999998
3.9000000000000004,1.0
3.90625,-10.0
3.9125,-8.0
3.91875,-23.0
3.9250000000000003,-31.0
3.9312500000000004,-23.0
3.9375,-23.0
3.94375,-32.99999999999999
3.95,-77.0
3.9562500000000003,-83.0
3.9625000000000004,-74.0
3.96875,-88.0
3.975,-65.0
3.98125,-53.0
3.9875000000000003,-70.0
3.9937500000000004,-79.0
4.0,-54.0
4.0062500000000005,1.0
4.0125,-4.0
4.01875,-16.0
4.025,0.0
4.03125,-18.0
4.0375000000000005,-44.99999999999999
4.04375,-24.0
4.05,-29.0
4.05625,-11.0
4.0625,13.0
4.0687500000000005,16.0
4.075,-18.0
4.08125,-23.0
4.0875,-42.99999999999999
4.09375,-21.0
4.1000000000000005,4.0
4.10625,10.0
4.1125,-12.0
4.11875,-29.999999999999996
4.125,-13.0
4.1312500000000005,-2.0
4.1375,6.0
4.14375,17.0
4.15,8.0
4.15625,26.0
4.1625000000000005,3.0
4.16875,-6.0
4.175,-14.0
4.18125,-31.0
4.1875,-14.0
4.1937500000000005,-3.0
4.2,-24.999999999999996
4.20625,-16.0
4.2125,7.0
4.21875,32.0
4.2250000000000005,44.99999999999999
4.23125,28.0
4.2375,20.0
4.24375,26.0
4.25,-10.0
4.2562500000000005,-32.99999999999999
4.2625,-9.0
4.26875,-9.0
4.275,-2.0
4.28125,-8.0
4.2875000000000005,-2.0
4.29375,44.99999999999999
4.3,4.0
4.30625,-4.0
4.3125,-12.0
4.3187500000000005,-29.0
4.325,-29.0
4.33125,-13.0
4.3375,13.0
4.34375,10.0
4.3500000000000005,8.0
4.35625,14.999999999999998
4.3625,18.0
4.36875,13.0
4.375,-3.0
4.3812500000000005,54.99999999999999
4.3875,51.0
4.39375,-9.0
4.4,-21.0
4.40625,-13.0
4.4125000000000005,-32.0
4.41875,-46.0
4.425,-37.0
4.43125,-48.0
4.4375,-54.99999999999999
4.4437500000000005,-74.0
4.45,-46.0
4.45625,-20.0
4.4625,-3.0
4.46875,-32.99999999999999
4.4750000000000005,-42.99999999999999
4.48125,-13.0
4.4875,-32.99999999999999
4.49375,-46.0
4.5,-28.0
4.5062500000000005,-42.99999999999999
4.5125,-70.0
4.51875,-56.0
4.525,-34.0
4.53125,-22.0
4.5375000000000005,-5.0
4.54375,-10.0
4.55,24.999999999999996
4.55625,12.0
4.5625,-34.0
4.5687500000000005,-35.0
4.575,-29.999999999999996
4.58125,-44.99999999999999
4.5875,-44.99999999999999
4.59375,-27.0
4.6000000000000005,-29.999999999999996
4.60625,-8.0
4.6125,5.0
4.61875,3.0
4.625,12.0
4.6312500000000005,16.0
4.6375,0.0
4.64375,21.0
4.65,2.0
4.65625,11.0
4.6625000000000005,5.0
4.66875,6.0
4.675,10.0
4.68125,23.0
4.6875,21.0
4.6937500000000005,-18.0
4.7,-42.99999999999999
4.70625,-34.0
4.7125,-47.0
4.71875,-75.99999999999999
4.7250000000000005,-75.0
4.73125,-64.0
4.7375,-69.0
4.74375,-62.0
4.75,-58.0
4.7562500000000005,-46.0
4.7625,-51.0
4.76875,-75.99999999999999
4.775,-39.0
4.78125,-42.0
4.7875000000000005,-24.999999999999996
4.79375,-17.0
4.800000000000001,-59.0
4.80625,-37.99999999999999
4.8125,-14.0
4.8187500000000005,-20.0
4.825,-42.99999999999999
4.831250000000001,-48.0
4.8375,-53.0
4.84375,-54.0
4.8500000000000005,-32.0
4.85625,10.0
4.862500000000001,12.0
4.86875,-13.0
4.875,-3.0
4.8812500000000005,-6.0
4.8875,-8.0
4.893750000000001,-14.0
4.9,-29.0
4.90625,-24.0
4.9125000000000005,-10.0
4.91875,-24.999999999999996
4.925000000000001,-13.0
4.93125,7.0
4.9375,8.0
4.9437500000000005,-24.999999999999996
4.95,-24.999999999999996
4.956250000000001,-1.0
4.9625,1.0
4.96875,14.999999999999998
4.9750000000000005,7.0
4.98125,-17.0
4.987500000000001,-8.0
4.99375,-21.0
5.0,-24.999999999999996
5.0062500000000005,-26.0
5.0125,-14.999999999999998
5.018750000000001,-18.999999999999996
5.025,-39.0
5.03125,-36.0
5.0375000000000005,-16.0
5.04375,11.0
5.050000000000001,20.0
5.05625,29.0
5.0625,14.999999999999998
5.0687500000000005,14.0
5.075,24.999999999999996
5.081250000000001,10.0
5.0875,12.0
5.09375,18.0
5.1000000000000005,-18.0
5.10625,-14.999999999999998
5.112500000000001,8.0
5.11875,-1.0
5.125,-21.0
5.1312500000000005,-1.0
5.1375,21.0
5.143750000000001,22.0
5.15,18.0
5.15625,1.0
5.1625000000000005,-28.0
5.16875,-21.0
5.175000000000001,0.0
5.18125,-1.0
5.1875,10.0
5.1937500000000005,10.0
5.2,-4.0
5.206250000000001,-23.0
5.2125,2.0
5.21875,3.0
5.2250000000000005,-12.0
5.23125,-18.0
5.237500000000001,-7.0
5.24375,23.0
5.25,26.0
5.2562500000000005,21.0
5.2625,17.0
5.268750000000001,-20.0
5.275,11.0
5.28125,16.0
5.2875000000000005,-7.0
5.29375,3.0
5.300000000000001,-20.0
5.30625,-13.0
5.3125,-12.0
5.3187500000000005,-8.0
5.325,-37.0
5.331250000000001,-59.0
5.3375,-22.0
5.34375,-3.0
5.3500000000000005,-31.0
5.35625,-29.999999999999996
5.362500000000001,-14.999999999999998
5.36875,-8.0
5.375,-17.0
5.3812500000000005,-17.0
5.3875,-24.999999999999996
5.393750000000001,-31.0
5.4,-44.0
5.40625,-41.0
5.4125000000000005,-22.0
5.41875,-31.0
5.425000000000001,-62.0
5.43125,-78.0
5.4375,-48.0
5.4437500000000005,-58.0
5.45,-36.0
5.456250000000001,-18.999999999999996
5.4625,-3.0
5.46875,16.0
5.4750000000000005,18.0
5.48125,0.0
5.487500000000001,-40.0
5.49375,-73.0
5.5,-98.0
5.5062500000000005,-103.0
5.5125,-135.0
5.518750000000001,-32.99999999999999
5.525,6.0
5.53125,-23.0
5.5375000000000005,-34.0
5.54375,-11.0
5.550000000000001,16.0
5.55625,29.999999999999996
5.5625,-14.999999999999998
5.5687500000000005,-36.0
5.575,-24.0
5.581250000000001,6.0
5.5875,-6.0
5.59375,13.0
5.6000000000000005,-5.0
5.60625,-16.0
5.612500000000001,-36.0
5.61875,-24.0
5.625,-42.99999999999999
5.6312500000000005,-54.0
5.6375,-51.0
5.643750000000001,-12.0
5.65,5.0
5.65625,8.0
5.6625000000000005,9.0
5.66875,17.0
5.675000000000001,6.0
5.68125,18.0
5.6875,41.0
5.6937500000000005,59.99999999999999
5.7,68.0
5.706250000000001,73.0
5.7125,47.0
5.71875,20.0
5.7250000000000005,0.0
5.73125,-27.0
5.737500000000001,-37.99999999999999
5.74375,-63.0
5.75,-74.0
5.7562500000000005,-88.0
5.7625,-102.0
5.768750000000001,-118.99999999999999
5.775,-108.0
5.78125,-136.0
5.7875000000000005,-118.99999999999999
5.79375,-118.0
5.800000000000001,-144.0
5.80625,-113.0
5.8125,-84.0
5.8187500000000005,-75.99999999999999
5.825,-113.99999999999999
5.831250000000001,-114.99999999999999
5.8375,-98.0
5.84375,-74.0
5.8500000000000005,-80.0
5.85625,-79.0
5.862500000000001,-70.99999999999999
5.86875,-84.0
5.875,-73.0
5.8812500000000005,-79.0
5.8875,-118.0
5.893750000000001,-101.0
5.9,-64.0
5.90625,-74.0
5.9125000000000005,-77.0
5.91875,-49.0
5.925000000000001,-44.0
5.93125,-83.0
5.9375,-109.99999999999999
5.9437500000000005,-67.0
5.95,-62.0
5.956250000000001,-77.0
5.9625,-101.0
5.96875,-102.0
5.9750000000000005,-88.0
5.98125,-93.0
5.987500000000001,-67.0
5.99375,-22.0
6.0,-52.0
6.0062500000000005,-94.0
6.0125,-85.99999999999999
6.018750000000001,-84.0
6.025,-80.99999999999999
6.03125,-85.99999999999999
6.0375000000000005,-63.0
6.04375,-80.99999999999999
6.050000000000001,-94.99999999999999
6.05625,-79.0
6.0625,-73.0
6.0687500000000005,-72.0
6.075,-65.99999999999999
6.081250000000001,-85.99999999999999
6.0875,-63.0
6.09375,-29.999999999999996
6.1000000000000005,-48.0
6.10625,-56.0
6.112500000000001,-49.99999999999999
6.11875,-39.0
6.125,-34.0
6.1312500000000005,-32.99999999999999
6.1375,-53.0
6.143750000000001,-40.0
6.15,-42.0
6.15625,-62.0
6.1625000000000005,-64.0
6.16875,-42.99999999999999
6.175000000000001,-17.0
6.18125,1.0
6.1875,-22.0
6.1937500000000005,-12.0
6.2,-21.0
6.206250000000001,1.0
6.2125,-20.0
6.21875,-11.0
6.2250000000000005,-24.999999999999996
6.23125,-41.0
6.237500000000001,-44.99999999999999
6.24375,-32.0
6.25,-21.0
6.2562500000000005,-131.0
6.2625,-107.0
6.268750000000001,26.0
6.275,36.0
6.28125,79.0
6.2875000000000005,109.99999999999999
6.29375,145.0
6.300000000000001,155.0
6.30625,170.99999999999997
6.3125,166.0
6.3187500000000005,158.0
6.325,177.0
6.331250000000001,159.0
6.3375,158.0
6.34375,145.0
6.3500000000000005,150.99999999999997
6.35625,134.0
6.362500000000001,112.0
6.36875,113.99999999999999
6.375,140.99999999999997
6.3812500000000005,93.0
6.3875,75.99999999999999
6.393750000000001,104.99999999999999
6.4,77.0
6.40625,62.0
6.4125000000000005,111.0
6.41875,126.0
6.425000000000001,70.0
6.43125,134.0
6.4375,150.0
6.4437500000000005,156.0
6.45,134.0
6.456250000000001,118.99999999999999
6.4625,67.0
6.46875,46.0
6.4750000000000005,72.0
6.48125,94.0
6.487500000000001,67.0
6.49375,56.0
6.5,54.99999999999999
6.5062500000000005,49.99999999999999
6.5125,72.0
6.518750000000001,74.0
6.525,42.99999999999999
6.53125,53.0
6.5375000000000005,73.0
6.54375,89.0
6.550000000000001,111.0
6.55625,84.0
6.5625,138.0
6.5687500000000005,146.0
6.575,89.99999999999999
6.581250000000001,135.0
6.5875,118.99999999999999
6.59375,75.99999999999999
6.6000000000000005,80.0
6.60625,89.0
6.612500000000001,126.0
6.61875,143.0
6.625,173.0
6.6312500000000005,138.0
6.6375,129.0
6.643750000000001,158.0
6.65,233.0
6.65625,205.0
6.6625000000000005,202.0
6.66875,198.99999999999997
6.675000000000001,195.0
6.68125,207.0
6.6875,245.0
6.6937500000000005,235.0
6.7,184.0
6.706250000000001,227.99999999999997
6.7125,195.0
6.71875,220.99999999999997
6.7250000000000005,208.99999999999997
6.73125,160.99999999999997
6.737500000000001,178.0
6.74375,144.0
6.75,148.0
6.7562500000000005,138.0
6.7625,149.0
6.768750000000001,184.0
6.775,157.0
6.78125,149.0
6.7875000000000005,154.0
6.79375,154.0
6.800000000000001,176.0
6.80625,173.0
6.8125,166.0
6.8187500000000005,170.99999999999997
6.825,160.99999999999997
6.831250000000001,177.0
6.8375,186.0
6.84375,166.0
6.8500000000000005,176.0
6.85625,180.99999999999997
6.862500000000001,216.0
6.86875,165.0
6.875,177.0
6.8812500000000005,194.0
6.8875,189.99999999999997
6.893750000000001,180.99999999999997
6.9,171.99999999999997
6.90625,202.0
6.9125000000000005,215.0
6.91875,187.0
6.925000000000001,213.0
6.93125,237.99999999999997
6.9375,188.0
6.9437500000000005,187.0
6.95,181.99999999999997
6.956250000000001,225.0
6.9625,197.0
6.96875,133.0
6.9750000000000005,119.99999999999999
6.98125,119.99999999999999
6.987500000000001,156.0
6.99375,135.0
7.0,104.0
7.0062500000000005,140.0
7.0125,161.99999999999997
7.018750000000001,165.0
7.025,147.0
7.03125,151.99999999999997
7.0375000000000005,161.99999999999997
7.04375,163.0
7.050000000000001,144.0
7.05625,141.99999999999997
7.0625,169.99999999999997
7.0687500000000005,124.0
7.075,138.0
7.081250000000001,165.0
7.0875,166.0
7.09375,179.0
7.1000000000000005,140.99999999999997
7.10625,133.0
7.112500000000001,140.0
7.11875,154.0
7.125,150.0
7.1312500000000005,109.99999999999999
7.1375,133.0
7.143750000000001,144.0
7.15,134.0
7.15625,127.0
7.1625000000000005,130.0
7.16875,168.0
7.175000000000001,169.0
7.18125,159.0
7.1875,130.0
7.1937500000000005,139.0
7.2,125.0
7.206250000000001,117.0
7.2125,104.99999999999999
7.21875,126.0
7.2250000000000005,130.0
7.23125,141.99999999999997
7.237500000000001,138.0
7.24375,164.0
7.25,138.0
7.2562500000000005,154.0
7.2625,168.0
7.268750000000001,174.0
7.275,141.99999999999997
7.28125,111.0
7.2875000000000005,128.0
7.29375,124.0
7.300000000000001,99.99999999999999
7.30625,130.0
7.3125,150.99999999999997
7.3187500000000005,84.0
7.325,118.99999999999999
7.331250000000001,143.0
7.3375,94.0
7.34375,82.0
7.3500000000000005,74.0
7.35625,61.0
7.362500000000001,67.0
7.36875,72.0
7.375,97.0
7.3812500000000005,160.0
7.3875,165.0
7.393750000000001,111.0
7.4,169.0
7.40625,117.0
7.4125000000000005,135.0
7.41875,113.0
7.425000000000001,108.0
7.43125,109.99999999999999
7.4375,82.0
7.4437500000000005,72.0
7.45,125.0
7.456250000000001,117.0
7.4625,117.0
7.46875,160.99999999999997
7.4750000000000005,93.0
7.48125,65.99999999999999
7.487500000000001,104.0
7.49375,109.99999999999999
7.5,99.0
7.5062500000000005,97.0
7.5125,80.99999999999999
7.518750000000001,80.0
7.525,92.0
7.53125,127.0
7.5375000000000005,143.0
7.54375,164.0
7.550000000000001,111.0
7.55625,72.0
7.5625,109.99999999999999
7.5687500000000005,98.0
7.575,109.99999999999999
7.581250000000001,126.0
7.5875,154.0
7.59375,145.0
7.6000000000000005,98.0
7.60625,124.0
7.612500000000001,114.99999999999999
7.61875,80.99999999999999
7.625,58.0
7.6312500000000005,83.0
7.6375,83.0
7.643750000000001,97.0
7.65,79.0
7.65625,77.0
7.6625000000000005,49.99999999999999
7.66875,70.99999999999999
7.675000000000001,36.0
7.68125,14.0
7.6875,14.999999999999998
7.6937500000000005,-44.99999999999999
7.7,2.0
7.706250000000001,32.0
7.7125,67.0
7.71875,54.0
7.7250000000000005,-9.0
7.73125,18.0
7.737500000000001,-8.0
7.74375,-12.0
7.75,1.0
7.7562500000000005,14.0
7.7625,13.0
7.768750000000001,-36.0
7.775,-5.0
7.78125,8.0
7.7875000000000005,3.0
7.79375,3.0
7.800000000000001,51.0
7.80625,80.0
7.8125,5.0
7.8187500000000005,18.999999999999996
7.825,61.0
7.831250000000001,26.0
7.8375,12.0
7.84375,-4.0
7.8500000000000005,42.0
7.85625,44.0
7.862500000000001,12.0
7.86875,14.999999999999998
7.875,22.0
7.8812500000000005,32.0
7.8875,11.0
7.893750000000001,-8.0
7.9,16.0
7.90625,-13.0
7.9125000000000005,-12.0
7.91875,0.0
7.925000000000001,61.0
7.93125,49.99999999999999
7.9375,-22.0
7.9437500000000005,13.0
7.95,-13.0
7.956250000000001,-16.0
7.9625,22.0
7.96875,12.0
7.9750000000000005,27.0
7.98125,37.0
7.987500000000001,37.99999999999999
7.99375,42.0
8.0,68.0
8.00625,34.0
8.012500000000001,37.99999999999999
8.01875,54.99999999999999
8.025,20.0
8.03125,41.0
8.0375,59.99999999999999
8.043750000000001,62.0
8.05,88.0
8.05625,61.0
8.0625,42.99999999999999
8.06875,42.99999999999999
8.075000000000001,54.99999999999999
8.08125,49.99999999999999
8.0875,40.0
8.09375,37.0
8.1,2.0
8.106250000000001,12.0
8.1125,5.0
8.11875,-24.0
8.125,-11.0
8.13125,1.0
8.137500000000001,-20.0
8.14375,27.0
8.15,41.0
8.15625,-14.0
8.1625,-17.0
8.168750000000001,-18.0
8.175,4.0
8.18125,4.0
8.1875,-24.0
8.19375,22.0
8.200000000000001,2.0
8.20625,23.0
8.2125,-7.0
8.21875,6.0
8.225,27.0
8.231250000000001,7.0
8.2375,-14.999999999999998
8.24375,-18.999999999999996
8.25,5.0
8.25625,16.0
8.262500000000001,-4.0
8.26875,63.0
8.275,14.999999999999998
8.28125,-1.0
8.2875,21.0
8.293750000000001,29.999999999999996
8.3,62.0
8.30625,-24.0
8.3125,-29.999999999999996
8.31875,-46.0
8.325000000000001,-18.0
8.33125,5.0
8.3375,29.0
8.34375,51.0
8.35,4.0
8.356250000000001,-65.99999999999999
8.3625,-109.99999999999999
8.36875,-98.0
8.375,-56.0
8.38125,-113.99999999999999
8.387500000000001,-42.99999999999999
8.39375,-97.0
8.4,-101.0
8.40625,-97.0
8.4125,-118.0
8.418750000000001,-82.0
8.425,-70.99999999999999
8.43125,-41.0
8.4375,-63.0
8.44375,-67.0
8.450000000000001,-80.99999999999999
8.45625,-70.0
8.4625,-34.0
8.46875,1.0
8.475,-20.0
8.481250000000001,-53.0
8.4875,-37.0
8.49375,-44.99999999999999
8.5,-36.0
8.50625,-20.0
8.512500000000001,6.0
8.51875,29.0
8.525,23.0
8.53125,36.0
8.5375,29.0
8.543750000000001,29.999999999999996
8.55,42.99999999999999
8.55625,32.0
8.5625,34.0
8.56875,51.0
8.575000000000001,69.0
8.58125,70.0
8.5875,24.999999999999996
8.59375,2.0
8.6,113.0
8.606250000000001,83.0
8.6125,59.0
8.61875,59.99999999999999
8.625,84.99999999999999
8.63125,89.99999999999999
8.637500000000001,68.0
8.64375,70.99999999999999
8.65,61.0
8.65625,53.0
8.6625,92.0
8.668750000000001,74.0
8.675,52.0
8.68125,70.0
8.6875,89.99999999999999
8.69375,108.0
8.700000000000001,63.0
8.70625,51.0
8.7125,64.0
8.71875,49.99999999999999
8.725,77.0
8.731250000000001,75.99999999999999
8.7375,56.0
8.74375,83.0
8.75,65.0
8.75625,42.0
8.762500000000001,40.0
8.76875,28.0
8.775,52.0
8.78125,58.0
8.7875,26.0
8.793750000000001,89.0
8.8,70.99999999999999
8.80625,26.0
8.8125,44.99999999999999
8.81875,54.99999999999999
8.825000000000001,59.99999999999999
8.83125,42.99999999999999
8.8375,20.0
8.84375,18.0
8.85,32.99999999999999
8.856250000000001,22.0
8.8625,-14.0
8.86875,-24.999999999999996
8.875,-32.0
8.88125,-10.0
8.887500000000001,-24.999999999999996
8.89375,-10.0
8.9,20.0
8.90625,23.0
8.9125,1.0
8.918750000000001,32.0
8.925,42.0
8.93125,5.0
8.9375,-12.0
8.94375,-49.0
8.950000000000001,-48.0
8.95625,23.0
8.9625,24.999999999999996
8.96875,24.999999999999996
8.975,31.0
8.981250000000001,-21.0
8.9875,-46.0
8.99375,-1.0
9.0,20.0
9.00625,-7.0
9.012500000000001,6.0
9.01875,-14.999999999999998
9.025,-59.99999999999999
9.03125,18.999999999999996
9.0375,31.0
9.043750000000001,12.0
9.05,-34.0
9.05625,-51.0
9.0625,-34.0
9.06875,-22.0
9.075000000000001,-39.0
9.08125,-44.99999999999999
9.0875,-64.0
9.09375,-65.0
9.1,-48.0
9.106250000000001,-29.999999999999996
9.1125,-54.0
9.11875,-54.0
9.125,-28.0
9.13125,-41.0
9.137500000000001,-64.0
9.14375,-47.0
9.15,-34.0
9.15625,-37.0
9.1625,-58.0
9.168750000000001,-42.0
9.175,7.0
9.18125,8.0
9.1875,3.0
9.19375,14.999999999999998
9.200000000000001,4.0
9.20625,5.0
9.2125,24.0
9.21875,26.0
9.225,1.0
9.231250000000001,10.0
9.2375,-2.0
9.24375,29.0
9.25,92.0
9.25625,52.0
9.262500000000001,62.0
9.26875,80.99999999999999
9.275,74.0
9.28125,53.0
9.2875,22.0
9.293750000000001,-23.0
9.3,-23.0
9.30625,-17.0
9.3125,-24.0
9.31875,-46.0
9.325000000000001,-58.0
9.33125,-27.0
9.3375,-26.0
9.34375,-29.999999999999996
9.35,-18.0
9.356250000000001,-11.0
9.3625,-46.0
9.36875,-36.0
9.375,-54.0
9.38125,-51.0
9.387500000000001,-54.0
9.39375,-73.0
9.4,-48.0
9.40625,-6.0
9.4125,-27.0
9.418750000000001,-44.0
9.425,-44.0
9.43125,-27.0
9.4375,-28.0
9.44375,-22.0
9.450000000000001,-29.999999999999996
9.45625,-36.0
9.4625,-35.0
9.46875,-61.0
9.475,-22.0
9.481250000000001,24.999999999999996
9.4875,12.0
9.49375,-2.0
9.5,-14.999999999999998
9.50625,-10.0
9.512500000000001,13.0
9.51875,18.0
9.525,24.0
9.53125,21.0
9.5375,-1.0
9.543750000000001,-13.0
9.55,16.0
9.55625,27.0
9.5625,-9.0
9.56875,-23.0
9.575000000000001,-4.0
9.58125,16.0
9.5875,4.0
9.59375,1.0
9.600000000000001,-10.0
9.606250000000001,5.0
9.6125,6.0
9.61875,-39.0
9.625,-40.0
9.631250000000001,-48.0
9.637500000000001,-63.0
9.64375,-56.0
9.65,-42.0
9.65625,-22.0
9.662500000000001,-17.0
9.668750000000001,-46.0
9.675,-70.99999999999999
9.68125,-77.0
9.6875,-51.0
9.693750000000001,-31.0
9.700000000000001,-44.0
9.70625,-98.0
9.7125,-117.0
9.71875,-116.0
9.725000000000001,-98.0
9.731250000000001,-70.99999999999999
9.7375,-70.0
9.74375,-64.0
9.75,-59.99999999999999
9.756250000000001,-109.0
9.762500000000001,-89.0
9.76875,-51.0
9.775,-61.0
9.78125,-70.99999999999999
9.787500000000001,-74.0
9.793750000000001,-107.0
9.8,-98.0
9.80625,-59.0
9.8125,-70.0
9.818750000000001,-63.0
9.825000000000001,-56.99999999999999
9.83125,-49.99999999999999
9.8375,-51.0
9.84375,-82.0
9.850000000000001,-65.0
9.856250000000001,-31.0
9.8625,-36.0
9.86875,-20.0
9.875,-24.999999999999996
9.881250000000001,-36.0
9.887500000000001,-24.999999999999996
9.89375,-32.0
9.9,-23.0
9.90625,-42.0
9.912500000000001,-21.0
9.918750000000001,-18.999999999999996
9.925,-51.0
9.93125,-72.0
9.9375,-92.0
9.943750000000001,-70.0
9.950000000000001,-70.0
9.95625,-80.99999999999999
9.9625,-59.0
9.96875,-56.99999999999999
9.975000000000001,-47.0
9.981250000000001,-56.99999999999999
9.9875,-75.99999999999999
9.99375,-68.0
10.0,-61.0
10.006250000000001,-109.99999999999999
10.012500000000001,-99.0
10.01875,-84.99999999999999
10.025,-67.0
10.03125,-85.99999999999999
10.037500000000001,-134.0
10.043750000000001,-118.99999999999999
10.05,-65.99999999999999
10.05625,-82.0
10.0625,-112.0
10.068750000000001,-136.0
10.075000000000001,-99.99999999999999
10.08125,-104.99999999999999
10.0875,-82.0
10.09375,-56.99999999999999
10.100000000000001,-78.0
10.106250000000001,-37.0
10.1125,-29.0
10.11875,-52.0
10.125,-79.0
10.131250000000001,-89.0
10.137500000000001,-72.0
10.14375,-107.0
10.15,-98.0
10.15625,-93.0
10.162500000000001,-128.0
10.168750000000001,-134.0
10.175,-79.0
10.18125,-127.0
10.1875,-144.0
10.193750000000001,-118.0
10.200000000000001,-84.0
10.20625,-89.0
10.2125,-96.0
10.21875,-116.0
10.225000000000001,-136.0
10.231250000000001,-140.99999999999997
10.2375,-96.0
10.24375,-98.0
10.25,-73.0
10.256250000000001,-12.0
10.262500000000001,-67.0
10.26875,-118.99999999999999
10.275,-85.99999999999999
10.28125,-112.0
10.287500000000001,-112.0
10.293750000000001,-127.0
10.3,-114.99999999999999
10.30625,-113.0
10.3125,-104.0
10.318750000000001,-69.0
10.325000000000001,-75.0
10.33125,-70.99999999999999
10.3375,-61.0
10.34375,-94.99999999999999
10.350000000000001,-112.0
10.356250000000001,-90.99999999999999
10.3625,-67.0
10.36875,-67.0
10.375,-9.0
10.381250000000001,-8.0
10.387500000000001,-51.0
10.39375,-24.0
10.4,-17.0
10.40625,-77.0
10.412500000000001,-99.0
10.418750000000001,-85.99999999999999
10.425,-127.0
10.43125,-176.0
10.4375,-119.99999999999999
10.443750000000001,-42.99999999999999
10.450000000000001,-87.0
10.45625,-40.0
10.4625,16.0
10.46875,-7.0
10.475000000000001,12.0
10.481250000000001,4.0
10.4875,-64.0
10.49375,-65.0
10.5,-46.0
10.506250000000001,-89.99999999999999
10.512500000000001,-49.99999999999999
10.51875,-74.0
10.525,-67.0
10.53125,-59.99999999999999
10.537500000000001,-54.99999999999999
10.543750000000001,-84.99999999999999
10.55,-82.0
10.55625,-49.0
10.5625,-82.0
10.568750000000001,-111.0
10.575000000000001,-127.0
10.58125,-118.99999999999999
10.5875,-113.0
10.59375,-83.0
10.600000000000001,-79.0
10.606250000000001,-54.99999999999999
10.6125,-44.99999999999999
10.61875,-62.0
10.625,-37.0
10.631250000000001,-34.0
10.637500000000001,-8.0
10.64375,32.0
10.65,-8.0
10.65625,-8.0
10.662500000000001,35.0
10.668750000000001,-32.99999999999999
10.675,-34.0
10.68125,-13.0
10.6875,11.0
10.693750000000001,6.0
10.700000000000001,11.0
10.70625,-37.99999999999999
10.7125,-14.999999999999998
10.71875,-37.99999999999999
10.725000000000001,-70.0
10.731250000000001,-17.0
10.7375,-12.0
10.74375,-94.99999999999999
10.75,-69.0
10.756250000000001,-63.0
10.762500000000001,-59.99999999999999
10.76875,-42.0
10.775,-58.0
10.78125,-52.0
10.787500000000001,-68.0
10.793750000000001,-64.0
10.8,-48.0
10.80625,-59.99999999999999
10.8125,-51.0
10.818750000000001,-6.0
10.825000000000001,-20.0
10.83125,-32.0
10.8375,24.999999999999996
10.84375,24.0
10.850000000000001,-6.0
10.856250000000001,-29.0
10.8625,-32.0
10.86875,-32.0
10.875,-29.0
10.881250000000001,11.0
10.887500000000001,-4.0
10.89375,-18.0
10.9,-61.0
10.90625,-48.0
10.912500000000001,-22.0
10.918750000000001,-42.99999999999999
10.925,-24.0
10.93125,-42.0
10.9375,-21.0
10.943750000000001,40.0
10.950000000000001,-13.0
10.95625,-27.0
10.9625,-32.99999999999999
10.96875,-39.0
10.975000000000001,-20.0
10.981250000000001,0.0
10.9875,6.0
10.99375,-17.0
11.0,-16.0
11.006250000000001,-29.0
11.012500000000001,-35.0
11.01875,-46.0
11.025,-49.0
11.03125,-44.0
11.037500000000001,-24.999999999999996
11.043750000000001,-23.0
11.05,-46.0
11.05625,-32.99999999999999
11.0625,0.0
11.068750000000001,8.0
11.075000000000001,29.0
11.08125,-24.0
11.0875,-27.0
11.09375,11.0
11.100000000000001,-31.0
11.106250000000001,9.0
11.1125,-14.999999999999998
11.11875,-14.999999999999998
11.125,-4.0
11.131250000000001,-28.0
11.137500000000001,-5.0
11.14375,-5.0
11.15,-24.0
11.15625,-18.0
11.162500000000001,-3.0
11.168750000000001,-32.99999999999999
11.175,-13.0
11.18125,-37.0
11.1875,-9.0
11.193750000000001,26.0
11.200000000000001,36.0
11.20625,44.0
11.2125,42.99999999999999
11.21875,24.0
11.225000000000001,34.0
11.231250000000001,-16.0
11.2375,-85.99999999999999
11.24375,-90.99999999999999
11.25,-109.99999999999999
11.256250000000001,-98.0
11.262500000000001,-79.0
11.26875,-99.0
11.275,-87.0
11.28125,-73.0
11.287500000000001,-74.0
11.293750000000001,-75.99999999999999
11.3,-65.99999999999999
11.30625,-75.99999999999999
11.3125,-59.0
11.318750000000001,-65.0
11.325000000000001,-37.0
11.33125,-48.0
11.3375,-80.0
11.34375,-51.0
11.350000000000001,-61.0
11.356250000000001,-75.99999999999999
11.3625,-75.99999999999999
11.36875,-49.0
11.375,-18.999999999999996
11.381250000000001,-48.0
11.387500000000001,-89.0
11.39375,-72.0
11.4,-79.0
11.40625,-52.0
11.412500000000001,-69.0
11.418750000000001,-118.0
11.425,-117.0
11.43125,-99.0
11.4375,-80.0
11.443750000000001,-80.0
11.450000000000001,-93.0
11.45625,-94.0
11.4625,-80.0
11.46875,-56.0
11.475000000000001,-82.0
11.481250000000001,-98.0
11.4875,-89.0
11.49375,-82.0
11.5,-61.0
11.506250000000001,-69.0
11.512500000000001,-54.0
11.51875,-92.0
11.525,-99.99999999999999
11.53125,-88.0
11.537500000000001,-114.99999999999999
11.543750000000001,-64.0
11.55,-58.0
11.55625,-116.0
11.5625,-130.0
11.568750000000001,-128.0
11.575000000000001,-129.0
11.58125,-80.0
11.5875,-42.99999999999999
11.59375,-41.0
11.600000000000001,-93.0
11.606250000000001,-83.0
11.6125,-54.0
11.61875,-82.0
11.625,-59.0
11.631250000000001,-75.0
11.637500000000001,-84.0
11.64375,-65.0
11.65,-67.0
11.65625,-56.99999999999999
11.662500000000001,-54.99999999999999
11.668750000000001,-44.0
11.675,-51.0
11.68125,-84.0
11.6875,-64.0
11.693750000000001,-52.0
11.700000000000001,-68.0
11.70625,-63.0
11.7125,-27.0
11.71875,-34.0
11.725000000000001,-56.0
11.731250000000001,-49.99999999999999
11.7375,-42.99999999999999
11.74375,-32.99999999999999
11.75,-36.0
11.756250000000001,-44.0
11.762500000000001,-54.0
11.76875,-64.0
11.775,-101.0
11.78125,-73.0
11.787500000000001,-59.0
11.793750000000001,-67.0
11.8,-46.0
11.80625,-67.0
11.8125,-54.0
11.818750000000001,-34.0
11.825000000000001,-17.0
11.83125,-49.99999999999999
11.8375,-36.0
11.84375,-72.0
11.850000000000001,-70.99999999999999
11.856250000000001,-54.0
11.8625,-37.0
11.86875,-64.0
11.875,-37.0
11.881250000000001,-42.0
11.887500000000001,-47.0
11.89375,-37.0
11.9,-49.99999999999999
11.90625,-37.99999999999999
11.912500000000001,-24.999999999999996
11.918750000000001,-94.0
11.925,-97.0
11.93125,-73.0
11.9375,-69.0
11.943750000000001,-51.0
11.950000000000001,-53.0
11.95625,-109.0
11.9625,-109.99999999999999
11.96875,-84.99999999999999
11.975000000000001,-73.0
11.981250000000001,-104.99999999999999
11.9875,-58.0
11.99375,-75.99999999999999
12.0,-61.0
12.006250000000001,-32.99999999999999
12.012500000000001,-37.99999999999999
12.01875,10.0
12.025,-6.0
12.03125,-17.0
12.037500000000001,12.0
12.043750000000001,9.0
12.05,-1.0
12.05625,4.0
12.0625,-34.0
12.068750000000001,-42.0
12.075000000000001,-32.0
12.08125,-27.0
12.0875,-32.99999999999999
12.09375,-42.99999999999999
12.100000000000001,-41.0
12.106250000000001,-48.0
12.1125,-26.0
12.11875,-14.0
12.125,-44.0
12.131250000000001,-49.99999999999999
12.137500000000001,-75.0
12.14375,-63.0
12.15,-26.0
12.15625,-1.0
12.162500000000001,2.0
12.168750000000001,59.99999999999999
12.175,106.0
12.18125,89.0
12.1875,37.0
12.193750000000001,3.0
12.200000000000001,-54.0
12.20625,-65.0
12.2125,-35.0
12.21875,-36.0
12.225000000000001,-48.0
12.231250000000001,-85.99999999999999
12.2375,-70.0
12.24375,-46.0
12.25,-47.0
12.256250000000001,-42.0
12.262500000000001,-31.0
12.26875,-12.0
12.275,-28.0
12.28125,-24.0
12.287500000000001,-41.0
12.293750000000001,-44.99999999999999
12.3,-36.0
12.30625,-29.999999999999996
12.3125,-29.0
12.318750000000001,-46.0
12.325000000000001,-54.99999999999999
12.33125,-56.0
12.3375,-42.99999999999999
12.34375,-27.0
12.350000000000001,-17.0
12.356250000000001,44.99999999999999
12.3625,39.0
12.36875,10.0
12.375,-18.0
12.381250000000001,-34.0
12.387500000000001,-21.0
12.39375,7.0
12.4,63.0
12.40625,51.0
12.412500000000001,0.0
12.418750000000001,53.0
12.425,62.0
12.43125,62.0
12.4375,54.99999999999999
12.443750000000001,37.0
12.450000000000001,-4.0
12.45625,11.0
12.4625,18.0
12.46875,-12.0
12.475000000000001,-13.0
12.481250000000001,6.0
12.4875,-23.0
12.49375,-54.0
12.5,-18.0
12.506250000000001,-6.0
12.512500000000001,1.0
12.51875,-16.0
12.525,3.0
12.53125,-6.0
12.537500000000001,4.0
12.543750000000001,-6.0
12.55,4.0
12.55625,13.0
12.5625,20.0
12.568750000000001,-13.0
12.575000000000001,2.0
12.58125,4.0
12.5875,-7.0
12.59375,-16.0
12.600000000000001,-41.0
12.606250000000001,-22.0
12.6125,-14.999999999999998
12.61875,-83.0
12.625,-54.0
12.631250000000001,-14.999999999999998
12.637500000000001,-14.0
12.64375,-14.999999999999998
12.65,4.0
12.65625,14.999999999999998
12.662500000000001,41.0
12.668750000000001,37.99999999999999
12.675,49.0
12.68125,72.0
12.6875,74.0
12.693750000000001,23.0
12.700000000000001,8.0
12.70625,46.0
12.7125,78.0
12.71875,29.0
12.725000000000001,24.0
12.731250000000001,29.0
12.7375,21.0
12.74375,21.0
12.75,24.0
12.756250000000001,29.999999999999996
12.762500000000001,56.99999999999999
12.76875,94.99999999999999
12.775,77.0
12.78125,87.0
12.787500000000001,80.0
12.793750000000001,46.0
12.8,64.0
12.80625,29.999999999999996
12.8125,21.0
12.818750000000001,42.0
12.825000000000001,62.0
12.83125,31.0
12.8375,3.0
12.84375,27.0
12.850000000000001,14.999999999999998
12.856250000000001,-22.0
12.8625,-36.0
12.86875,-6.0
12.875,13.0
12.881250000000001,21.0
12.887500000000001,16.0
12.89375,-9.0
12.9,-32.0
12.90625,-27.0
12.912500000000001,-14.999999999999998
12.918750000000001,3.0
12.925,14.999999999999998
12.93125,32.99999999999999
12.9375,14.0
12.943750000000001,-32.99999999999999
12.950000000000001,-27.0
12.95625,-18.0
12.9625,-44.0
12.96875,-49.0
12.975000000000001,-53.0
12.981250000000001,-37.0
12.9875,-54.0
12.99375,-82.0
13.0,-87.0
13.006250000000001,-23.0
13.012500000000001,-51.0
13.01875,-78.0
13.025,-54.99999999999999
13.03125,-47.0
13.037500000000001,-53.0
13.043750000000001,-75.0
13.05,-79.0
13.05625,-80.0
13.0625,-70.0
13.068750000000001,-44.99999999999999
13.075000000000001,-5.0
13.08125,14.999999999999998
13.0875,9.0
13.09375,14.999999999999998
13.100000000000001,8.0
13.106250000000001,-29.999999999999996
13.1125,-70.0
13.11875,-72.0
13.125,-16.0
13.131250000000001,-14.999999999999998
13.137500000000001,-40.0
13.14375,-26.0
13.15,-62.0
13.15625,-49.0
13.162500000000001,-29.999999999999996
13.168750000000001,-17.0
13.175,-32.0
13.18125,-13.0
13.1875,-1.0
13.193750000000001,22.0
13.200000000000001,-42.99999999999999
13.20625,-87.0
13.2125,-64.0
13.21875,-31.0
13.225000000000001,-29.999999999999996
13.231250000000001,-65.99999999999999
13.2375,-102.0
13.24375,-70.99999999999999
13.25,-51.0
13.256250000000001,-21.0
13.262500000000001,27.0
13.26875,-14.0
13.275,-2.0
13.28125,11.0
13.287500000000001,1.0
13.293750000000001,-16.0
13.3,1.0
13.30625,1.0
13.3125,10.0
13.318750000000001,-9.0
13.325000000000001,44.0
13.33125,54.0
13.3375,29.999999999999996
13.34375,59.99999999999999
13.350000000000001,49.0
13.356250000000001,3.0
13.3625,11.0
13.36875,3.0
13.375,27.0
13.381250000000001,36.0
13.387500000000001,27.0
13.39375,29.0
13.4,-6.0
13.40625,-4.0
13.412500000000001,10.0
13.418750000000001,12.0
13.425,9.0
13.43125,-7.0
13.4375,10.0
13.443750000000001,-1.0
13.450000000000001,1.0
13.45625,16.0
13.4625,-5.0
13.46875,-21.0
13.475000000000001,7.0
13.481250000000001,23.0
13.4875,-14.0
13.49375,1.0
13.5,12.0
13.506250000000001,-13.0
13.512500000000001,-14.999999999999998
13.51875,-16.0
13.525,-20.0
13.53125,-8.0
13.537500000000001,9.0
13.543750000000001,11.0
13.55,14.0
13.55625,10.0
13.5625,16.0
13.568750000000001,-18.999999999999996
13.575000000000001,-3.0
13.58125,13.0
13.5875,18.0
13.59375,11.0
13.600000000000001,35.0
13.606250000000001,42.0
13.6125,17.0
13.61875,18.999999999999996
13.625,4.0
13.631250000000001,12.0
13.637500000000001,20.0
13.64375,44.0
13.65,40.0
13.65625,4.0
13.662500000000001,12.0
13.668750000000001,36.0
13.675,24.999999999999996
13.68125,27.0
13.6875,29.0
13.693750000000001,42.99999999999999
13.700000000000001,44.0
13.70625,44.0
13.7125,28.0
13.71875,20.0
13.725000000000001,-1.0
13.731250000000001,-11.0
13.7375,-18.0
13.74375,-14.999999999999998
13.75,-16.0
13.756250000000001,-16.0
13.762500000000001,-16.0
13.76875,-40.0
13.775,-44.0
13.78125,-20.0
13.787500000000001,-26.0
13.793750000000001,-29.999999999999996
13.8,1.0
13.80625,-22.0
13.8125,-36.0
13.818750000000001,-21.0
13.825000000000001,-2.0
13.83125,1.0
13.8375,-18.0
13.84375,-21.0
13.850000000000001,-8.0
13.856250000000001,-7.0
13.8625,-24.0
13.86875,-14.0
13.875,-26.0
13.881250000000001,-18.999999999999996
13.887500000000001,-24.0
13.89375,-24.999999999999996
13.9,-40.0
13.90625,-34.0
13.912500000000001,-18.0
13.918750000000001,-49.99999999999999
13.925,-23.0
13.93125,3.0
13.9375,-34.0
13.943750000000001,-26.0
13.950000000000001,-24.999999999999996
13.95625,5.0
13.9625,-8.0
13.96875,-31.0
13.975000000000001,-46.0
13.981250000000001,-48.0
13.9875,-54.99999999999999
13.99375,-42.99999999999999
14.0,-42.99999999999999
14.006250000000001,-40.0
14.012500000000001,-32.0
14.01875,-62.0
14.025,-64.0
14.03125,-53.0
14.037500000000001,-41.0
14.043750000000001,-58.0
14.05,-31.0
14.05625,22.0
14.0625,63.0
14.068750000000001,67.0
14.075000000000001,20.0
14.08125,-36.0
14.0875,-42.99999999999999
14.09375,-44.99999999999999
14.100000000000001,-1.0
14.106250000000001,18.0
14.1125,-12.0
14.11875,-32.0
14.125,-23.0
14.131250000000001,-29.999999999999996
14.137500000000001,-42.0
14.14375,-14.0
14.15,-13.0
14.15625,-2.0
14.162500000000001,28.0
14.168750000000001,4.0
14.175,1.0
14.18125,-4.0
14.1875,-24.0
14.193750000000001,10.0
14.200000000000001,27.0
14.20625,21.0
14.2125,6.0
14.21875,-6.0
14.225000000000001,17.0
14.231250000000001,32.0
14.2375,18.0
14.24375,10.0
14.25,6.0
14.256250000000001,-6.0
14.262500000000001,4.0
14.26875,-2.0
14.275,-32.0
14.28125,-42.0
14.287500000000001,-21.0
14.293750000000001,14.0
14.3,4.0
14.30625,18.999999999999996
14.3125,41.0
14.318750000000001,-12.0
14.325000000000001,-32.0
14.33125,-24.0
14.3375,-8.0
14.34375,-32.0
14.350000000000001,-10.0
14.356250000000001,3.0
14.3625,14.999999999999998
14.36875,1.0
14.375,-8.0
14.381250000000001,18.999999999999996
14.387500000000001,11.0
14.39375,32.99999999999999
14.4,37.99999999999999
14.40625,44.0
14.412500000000001,51.0
14.418750000000001,27.0
14.425,14.0
14.43125,39.0
14.4375,32.99999999999999
14.443750000000001,39.0
14.450000000000001,37.0
14.45625,22.0
14.4625,18.999999999999996
14.46875,-6.0
14.475000000000001,4.0
14.481250000000001,0.0
14.4875,-13.0
14.49375,-82.0
14.5,-73.0
14.506250000000001,-68.0
14.512500000000001,-70.0
14.51875,-85.99999999999999
14.525,-59.99999999999999
14.53125,-52.0
14.537500000000001,-89.99999999999999
14.543750000000001,-83.0
14.55,-49.0
14.55625,-42.0
14.5625,-36.0
14.568750000000001,-27.0
14.575000000000001,-36.0
14.58125,-2.0
14.5875,-6.0
14.59375,14.999999999999998
14.600000000000001,10.0
14.606250000000001,18.0
14.6125,36.0
14.61875,12.0
14.625,-9.0
14.631250000000001,-8.0
14.637500000000001,-16.0
14.64375,-8.0
14.65,-29.0
14.65625,-31.0
14.662500000000001,-46.0
14.668750000000001,-69.0
14.675,-28.0
14.68125,-70.99999999999999
14.6875,-84.0
14.693750000000001,-35.0
14.700000000000001,-24.999999999999996
14.70625,-18.999999999999996
14.7125,-14.999999999999998
14.71875,-12.0
14.725000000000001,8.0
14.731250000000001,5.0
14.7375,4.0
14.74375,-5.0
14.75,-5.0
14.756250000000001,-6.0
14.762500000000001,0.0
14.76875,36.0
14.775,23.0
14.78125,-20.0
14.787500000000001,-2.0
14.793750000000001,-26.0
14.8,-35.0
14.80625,-36.0
14.8125,-23.0
14.818750000000001,-54.0
14.825000000000001,-68.0
14.83125,-44.0
14.8375,-44.0
14.84375,-59.0
14.850000000000001,-52.0
14.856250000000001,-77.0
14.8625,-89.0
14.86875,-99.99999999999999
14.875,-56.0
14.881250000000001,-101.0
14.887500000000001,-82.0
14.89375,-64.0
14.9,-59.99999999999999
14.90625,-42.0
14.912500000000001,-49.99999999999999
14.918750000000001,-54.0
14.925,-40.0
14.93125,-8.0
14.9375,-11.0
14.943750000000001,-20.0
14.950000000000001,-4.0
14.95625,27.0
14.9625,35.0
14.96875,20.0
14.975000000000001,24.999999999999996
14.981250000000001,54.0
14.9875,18.0
14.99375,49.99999999999999
15.0,46.0
15.006250000000001,46.0
15.012500000000001,11.0
15.01875,-14.999999999999998
15.025,6.0
15.03125,22.0
15.037500000000001,-32.0
15.043750000000001,36.0
15.05,59.0
15.05625,58.0
15.0625,32.99999999999999
15.068750000000001,36.0
15.075000000000001,23.0
15.08125,-14.0
15.0875,-21.0
15.09375,-53.0
15.100000000000001,-88.0
15.106250000000001,-73.0
15.1125,-40.0
15.11875,-42.99999999999999
15.125,-44.99999999999999
15.131250000000001,-68.0
15.137500000000001,-72.0
15.14375,-70.99999999999999
15.15,-42.0
15.15625,-46.0
15.162500000000001,-54.99999999999999
15.168750000000001,-34.0
15.175,-44.0
15.18125,-64.0
15.1875,-72.0
15.193750000000001,-92.0
15.200000000000001,-80.99999999999999
15.20625,-56.99999999999999
15.2125,-42.99999999999999
15.21875,-63.0
15.225000000000001,-62.0
15.231250000000001,-34.0
15.2375,-10.0
15.24375,-27.0
15.25,-34.0
15.256250000000001,-39.0
15.262500000000001,-36.0
15.26875,12.0
15.275,11.0
15.28125,-17.0
15.287500000000001,-17.0
15.293750000000001,-9.0
15.3,7.0
15.30625,-6.0
15.3125,-8.0
15.318750000000001,12.0
15.325000000000001,14.999999999999998
15.33125,-22.0
15.3375,-29.999999999999996
15.34375,-18.999999999999996
15.350000000000001,-23.0
15.356250000000001,-28.0
15.3625,-24.999999999999996
15.36875,-42.0
15.375,-85.99999999999999
15.381250000000001,-89.0
15.387500000000001,-34.0
15.39375,-20.0
15.4,-82.0
15.40625,-49.0
15.412500000000001,-7.0
15.418750000000001,7.0
15.425,12.0
15.43125,20.0
15.4375,14.999999999999998
15.443750000000001,1.0
15.450000000000001,26.0
15.45625,27.0
15.4625,11.0
15.46875,13.0
15.475000000000001,7.0
15.481250000000001,-6.0
15.4875,-1.0
15.49375,12.0
15.5,11.0
15.506250000000001,-14.0
15.512500000000001,-18.999999999999996
15.51875,-17.0
15.525,21.0
15.53125,20.0
15.537500000000001,6.0
15.543750000000001,7.0
15.55,12.0
15.55625,1.0
15.5625,-2.0
15.568750000000001,1.0
15.575000000000001,34.0
15.58125,44.0
15.5875,37.0
15.59375,12.0
15.600000000000001,10.0
15.606250000000001,34.0
15.6125,37.0
15.61875,48.0
